100;47;47;51;45;41
105;41;46;45;68;54
110;46;48;55;47;42
115;47;44;46;42;44
121;48;53;41;47;49
127;44;45;42;43;37
133;47;40;51;42;51
140;38;58;43;38;38
147;44;51;48;36;41
154;41;49;42;39;46
162;59;38;39;45;46
170;36;63;53;52;48
178;60;43;46;43;42
187;37;38;37;49;47
196;42;49;41;49;52
206;42;40;49;51;43
216;45;46;47;52;44
227;53;54;43;43;57
238;63;48;51;41;40
250;48;48;43;54;47
263;50;52;58;53;54
276;52;51;65;52;59
290;47;50;56;41;47
305;47;45;48;51;53
321;46;52;52;45;51
337;70;47;55;56;61
354;71;49;51;53;48
372;43;52;54;47;45
391;60;72;53;57;41
411;55;58;53;61;80
432;46;63;68;64;61
454;48;54;61;72;66
477;62;65;56;57;45
502;67;66;59;51;59
528;64;62;59;61;60
555;53;55;52;52;53
584;57;54;72;67;56
614;55;56;61;59;61
646;61;84;67;70;73
680;77;67;76;72;55
715;65;79;58;75;72
752;65;68;72;61;69
791;70;54;73;67;65
832;66;65;66;54;61
875;66;65;76;60;73
921;73;76;71;58;62
969;75;71;58;68;67
1020;76;75;57;59;52
1073;70;78;79;60;66
1129;66;79;56;65;71
1188;66;76;76;67;65
1250;66;72;60;60;63
1315;86;69;67;56;79
1384;64;59;61;67;64
1456;65;66;82;65;66
1532;77;82;84;65;66
1612;63;73;56;72;77
1696;72;80;90;81;72
1785;70;79;74;69;80
1878;74;67;72;73;58
1976;66;70;68;69;64
2080;74;72;73;73;60
2189;71;89;89;80;68
2304;65;64;69;76;82
2425;69;83;91;67;70
2552;83;57;79;68;58
2686;66;69;75;78;73
2827;83;82;91;74;68
2975;57;88;67;85;83
3131;79;72;77;73;77
3295;95;82;64;84;74
3468;97;92;101;52;104
3650;102;84;72;69;96
3842;86;100;67;84;71
4044;91;56;75;79;87
4256;63;86;52;69;83
4480;75;77;85;70;63
4715;72;54;59;79;85
4963;74;77;89;89;58
5224;85;111;75;49;68
5498;85;75;88;67;72
5787;72;69;82;56;82
6091;88;60;82;63;87
6411;90;56;76;72;70
6748;66;62;59;81;49
7103;84;51;57;85;54
7476;75;81;63;71;56
7869;56;65;76;57;80
8283;73;64;60;80;47
8718;59;81;91;82;60
9176;82;54;89;74;96
9658;75;105;59;86;77
10166;61;61;56;71;80
10701;62;88;86;83;56
11264;62;65;80;79;87
11856;58;83;89;81;65
12480;52;77;94;98;57
13136;90;61;86;85;77
13827;89;80;75;61;75
14554;60;89;73;131;86
15320;64;95;56;66;65
16126;60;65;115;86;55
16974;67;74;78;60;97
17867;62;87;63;96;75
18807;80;85;70;76;94
19796;122;89;91;66;76
20837;90;84;61;85;93
21933;75;125;70;62;87
23087;59;81;78;68;67
24302;58;84;92;72;78
25581;78;77;58;103;126
26927;133;121;69;129;140
28344;71;62;93;91;64
29835;69;64;92;78;89
31405;68;120;60;66;85
33057;84;125;63;75;123
34796;82;70;65;67;145
36627;70;77;83;110;75
38554;65;73;67;59;73
40583;65;67;68;63;68
42718;135;68;108;136;68
44966;82;74;70;75;59
47332;65;72;73;71;78
49823;64;85;135;66;73
52445;70;64;82;69;71
55205;134;66;102;84;93
58110;88;80;87;139;69
61168;137;75;62;83;101
64387;79;145;72;63;87
67775;87;135;128;75;75
71342;141;81;71;83;85
75096;124;86;91;74;72
79048;140;68;94;76;144
83208;88;74;96;73;83
87587;71;137;86;79;65
92196;83;133;72;94;92
97048;133;69;84;65;126
102155;77;75;73;85;97
107531;127;72;73;80;78
113190;84;86;140;78;66
119147;80;75;149;144;88
125417;78;73;77;99;84
132017;98;72;100;138;99
138965;103;75;67;110;146
146278;75;85;129;74;82
153976;132;131;75;96;83
162080;80;141;88;89;85
170610;77;72;88;76;86
179589;77;125;74;73;111
189041;70;145;96;150;131
198990;145;79;149;74;83
209463;69;80;153;128;81
220487;143;79;86;155;128
232091;82;145;85;76;81
244306;92;129;91;97;144
257164;79;98;86;165;84
270698;83;76;148;88;86
284945;138;94;100;120;114
299942;135;137;94;98;145
315728;145;81;104;84;149
332345;154;93;113;116;105
349836;149;96;81;91;127
368248;132;99;92;154;98
387629;153;91;86;148;108
408030;99;84;83;137;164
429505;81;78;120;144;140
452110;87;152;122;138;156
475905;87;82;92;93;89
500952;100;103;86;94;144
527317;100;97;86;154;91
555070;113;181;104;90;102
584284;90;96;108;94;91
615035;90;88;98;89;89
647405;106;115;115;81;88
681478;100;150;160;163;83
717345;96;138;160;119;114
755100;79;93;96;103;105
794842;97;89;93;88;168
836675;98;103;162;122;151
880710;83;155;88;99;107
927063;168;157;90;93;90
975855;166;80;99;104;139
1027215;95;98;138;96;95
1081278;97;91;85;96;87
1138187;103;163;87;104;169
1198091;158;99;112;87;105
1261148;156;118;150;108;121
1327524;99;94;95;98;82
1397393;152;97;160;166;100
1470940;88;106;104;101;94
1548357;101;148;113;169;118
1629849;109;120;99;162;108
1715630;104;100;164;151;136
1805926;107;103;165;173;105
1900974;105;115;117;93;150
2001025;161;141;109;99;150
2106342;112;119;95;112;161
2217202;117;119;158;115;114
2333896;107;177;175;126;109
2456732;116;97;111;104;167
2586033;100;131;121;173;115
2722140;126;117;117;114;105
2865410;110;181;124;194;146
3016221;114;111;137;137;99
3174969;112;109;125;138;141
3342072;122;150;147;170;293
3517970;194;180;153;212;151
3703126;252;154;145;255;153
3898027;243;172;268;154;156
4103186;257;158;156;163;160
4319143;204;225;217;170;146
4546466;147;244;149;294;170
4785753;254;232;183;203;161
5037634;147;158;238;178;263
5302772;159;179;186;181;256
5581865;166;147;163;203;159
5875647;233;189;238;159;161
6184891;246;161;189;192;163
6510411;182;167;170;183;168
6853064;171;166;164;297;214
7213751;127;110;129;169;115
7593422;108;141;130;123;111
7993075;126;132;121;124;131
8413763;145;119;196;173;277
8856592;177;180;200;190;175
9322728;210;181;180;176;184
9813397;209;170;204;173;157
